765
89
62
667
947
94
942
509
810
774
839
287
471
269
836
632
942
960
663
501
682
721
280
482
867
873
662
905
58
129
8
175
571
71
843
518
517
137
379
680
911
570
319
382
839
155
367
781
115
382
634
149
103
267
983
970
140
646
227
551
775
588
78
346
11
921
216
880
58
595
560
321
165
231
704
357
386
423
138
853
805
125
2
908
744
986
231
236
632
458
787
759
398
866
458
409
139
674
290
550
270
202
871
787
434
927
144
820
350
635
26
155
112
380
64
856
366
647
92
350
457
232
462
856
450
920
265
589
946
555
491
216
758
715
356
192
642
500
364
345
487
742
500
599
123
916
455
489
563
900
192
21
132
654
877
582
926
494
523
872
50
15
441
160
730
797
704
724
649
420
69
137
163
922
736
286
838
544
127
754
796
671
127
928
325
356
862
251
850
385
476
252
400
917
764
482
714
468
207
715
241
276
852
404
198
941
42
389
837
521
495
633
193
622
561
518
978
775
122
180
160
598
433
913
867
549
395
581
370
954
648
611
583
501
367
133
794
409
522
983
930
369
616
123
991
529
994
321
304
468
502
816
66
287
729
933
836
477
866
206
431
866
169
14
719
536
148
513
297
22
496
228
392
464
703
735
993
49
57
649
517
911
466
935
550
195
220
738
24
438
297
456
305
466
822
24
355
322
538
652
697
386
232
89
851
936
176
196
337
585
846
855
496
312
790
398
859
363
137
884
801
434
692
106
252
866
131
607
189
21
260
886
407
844
327
610
132
855
807
470
441
653
325
937
317
467
688
176
830
825
412
632
611
456
738
863
323
221
823
864
242
435
102
650
279
781
260
412
636
67
882
77
72
559
367
389
378
55
918
561
880
682
193
491
139
283
706
814
505
529
678
99
316
132
749
596
913
362
8
549
781
242
627
854
153
994
595
531
49
865
92
281
548
637
124
39
273
830
853
130
712
883
229
28
15
979
976
928
693
336
477
474
578
456
680
83
802
276
615
203
141
59
484
41
697
608
80
322
791
285
452
855
168
681
235
183
12
212
463
705
548
293
532
479
749
212
562
904
840
529
107
334
589
592
375
638
552
808
960
343
93
412
550
262
445
786
797
458
350
613
515
898
906
47
729
7
612
292
911
452
173
19
138
114
963
866
752
515
674
64
211
119
828
761
733
274
899
531
84
249
496
599
500
402
999
229
761
611
873
673
415
47
44
554
161
7
420
266
874
446
330
85
565
511
199
299
785
98
182
869
348
678
468
848
432
467
429
193
430
303
218
846
702
262
752
215
621
172
833
496
970
516
581
535
27
780
186
812
231
720
33
931
750
853
131
182
673
560
728
103
215
298
301
269
561
53
485
534
577
318
30
547
834
964
435
861
96
973
25
327
694
58
258
796
264
741
331
937
302
59
392
869
357
694
139
270
747
624
805
677
294
187
224
481
151
11
342
248
337
720
927
31
130
538
179
394
279
510
683
933
921
76
803
279
770
942
901
869
918
58
546
212
246
123
693
397
134
388
997
471
460
925
854
590
463
386
337
94
896
20
28
818
448
831
449
218
773
350
440
43
761
986
607
7
109
653
756
596
393
106
419
853
31
626
795
846
12
132
940
908
505
968
726
953
799
527
524
924
230
964
319
991
950
927
350
412
580
458
8
973
564
427
826
595
53
621
793
65
106
86
326
963
54
404
916
206
932
440
482
162
756
802
505
707
729
855
119
309
313
479
282
878
258
460
825
312
433
971
729
891
57
55
854
111
460
123
669
744
915
152
906
672
306
411
731
35
618
202
696
931
681
330
161
939
142
339
603
575
310
333
467
367
740
673
830
552
796
500
296
712
4
554
384
310
317
115
697
935
317
745
219
350
75
732
289
217
71
245
144
381
930
963
748
670
637
579
575
433
431
871
497
435
426
233
97
95
348
146
383
17
891
602
719
966
686
361
535
758
606
679
139
536
643
240
558
632
171
133
65
602
5
915
389
783
148
838
230
849
984
613
866
875
567
938
193
254
299
728
12
905
759
503
793
402
743
351
386
266
485
452
868
842
719
609
977
867
799
207
716
783
821
935
10
388
873
203
642
172
283
6
429
43
510
222
797
605
573
184
872
58
988
92
900
707
54
229
574
853
437
643
989
258
578
999
998
803
203
993
975
486
999
404
881
861
626
679
467
199
215
691
610
203
135
862
910
541
92
836
395
529
479
384
139
409
383
489
212
938
482
539
777
482
943
658
695
921
689
514
473
904
205
435
107
693
297
369
234
741
558
981
622
389
365
761
799
101
603
363
39
85
903
168
919
198
179
615
120
868
129
945
773
687
380
232
380
677
954
966
771
512
948
393
901
665
507
52
766
110
416
158
547
319
326
467
869
857
82
989
726
563
934
851
250
666
83
982
696
37
301
467
549
249
212
803
914
719
855
33
181
271
543
729
942
221
196
812
79
630
153
805
193
440
656
796
458
91
130
154
129
431
621
30
32
186
833
299
257
689
332
439
312
227
520
607
448
68
771
527
50
276
684
595
68
692
391
527
784
874
681
913
305
655
295
690
841
129
989
98
170
673
889
834
900
409
441
700
829
212
580
879
489
264
475
909
957
218
436
741
92
118
6
750
773
301
792
966
782
781
64
952
806
954
787
58
715
580
758
897
145
338
776
634
603
603
543
912
174
332
5
618
450
11
720
575
664
512
541
447
645
605
751
451
911
890
509
979
471
268
228
616
606
4
602
561
960
497
473
134
829
830
752
631
841
473
206
858
337
99
657
983
705
760
434
968
651
944
299
474
564
527
442
522
884
396
436
196
245
261
682
427
92
786
58
933
611
617
143
949
716
800
932
773
561
718
94
564
662
393
38
578
273
480
101
509
228
537
705
473
798
739
900
242
525
959
528
137
928
671
86
644
472
370
418
385
88
864
949
103
609
339
681
882
171
134
743
399
23
800
872
174
539
125
416
65
436
944
202
364
968
640
8
792
10
778
177
98
642
478
553
252
817
235
486
988
721
582
739
745
382
963
271
922
88
687
339
524
984
893
888
952
885
249
744
895
379
273
345
374
751
899
978
568
486
816
908
207
398
647
304
133
610
575
55
51
615
746
575
951
991
816
903
876
417
999
771
796
272
468
522
375
719
500
295
205
669
203
765
67
202
69
200
164
645
607
215
612
705
791
563
696
959
818
572
376
817
695
524
441
516
47
816
235
899
463
793
568
666
558
988
220
627
540
384
624
500
952
236
205
95
151
254
54
969
178
782
138
226
306
931
742
353
99
329
605
562
122
173
580
680
513
800
308
406
537
284
906
841
873
463
936
24
69
342
346
248
124
484
826
430
416
568
136
867
249
741
430
372
266
10
52
780
163
712
186
52
349
444
893
222
259
829
246
329
171
592
929
647
429
755
77
197
675
213
64
924
306
494
296
573
857
701
353
20
765
891
72
114
687
317
336
298
146
583
627
669
527
908
668
956
663
745
153
338
311
218
615
617
64
911
542
921
964
247
293
730
490
717
196
177
34
533
476
532
468
455
553
347
364
221
304
379
319
809
70
982
379
685
951
796
948
494
69
913
741
363
995
232
432
191
761
819
76
589
351
544
397
905
244
113
478
900
492
797
709
914
131
441
599
83
237
900
577
306
165
670
21
160
254
454
703
368
273
780
957
976
676
706
233
920
819
712
820
664
861
882
578
993
323
530
428
912
782
357
570
947
27
592
107
634
398
810
2
23
942
959
999
619
666
585
539
837
649
360
853
862
594
432
207
917
314
635
829
448
992
399
395
372
343
854
6
741
664
8
116
959
319
468
578
337
53
469
175
702
181
28
916
775
812
124
692
478
759
873
926
752
625
673
476
968
527
482
62
544
490
530
503
161
998
81
499
403
550
26
457
732
54
374
507
219
498
552
697
257
425
976
361
402
649
837
723
177
671
785
73
513
667
576
675
666
657
174
69
559
200
527
643
606
253
151
825
751
55
875
8
832
203
722
235
204
911
958
733
583
95
806
448
762
382
123
780
391
649
850
951
201
729
594
808
982
97
985
85
504
212
445
337
767
167
572
972
431
882
705
366
329
512
814
91
894
290
224
638
939
426
941
493
155
535
301
489
985
638
574
489
203
371
826
970
539
750
942
322
984
0
688
313
512
502
757
758
792
333
748
84
759
689
577
266
225
230
755
562
220
681
403
423
404
582
746
943
684
40
265
669
40
305
334
904
808
443
15
952
776
763
36
535
453
965
801
30
195
908
592
416
941
995
191
346
929
937
641
614
978
259
283
370
564
969
275
724
413
290
29
541
53
65
77
506
383
230
888
930
491
480
346
432
828
890
130
757
179
124
371
509
383
6
880
299
976
507
376
741
797
405
282
202
822
711
61
205
942
949
136
433
782
834
217
962
724
700
71
904
824
795
413
559
801
645
210
129
152
586
222
301
991
505
504
814
568
917
19
510
866
507
295
0
342
865
962
418
565
34
322
741
181
88
652
982
733
862
464
238
449
38
539
440
543
43
606
112
960
626
974
179
485
622
179
827
487
494
246
404
880
920
497
61
360
149
395
94
363
211
332
812
250
871
605
145
267
211
609
579
189
584
758
675
558
290
854
45
136
100
801
16
373
650
429
733
151
824
179
514
36
511
679
638
735
636
783
354
199
393
933
741
329
44
416
887
686
622
284
822
75
437
190
448
87
619
181
238
795
361
752
831
224
783
469
311
419
605
17
619
998
951
360
679
347
128
566
385
750
850
207
825
639
749
625
726
720
159
964
515
520
68
699
96
852
520
760
271
125
777
242
475
80
602
154
779
82
720
164
185
922
723
362
561
472
988
287
544
147
603
60
19
672
759
467
876
631
227
147
757
357
742
232
789
696
387
569
779
459
85
964
734
809
326
295
633
666
935
178
813
890
590
184
562
701
652
438
332
231
938
441
940
32
674
730
728
413
651
859
224
736
175
958
897
854
606
883
520
541
413
686
431
3
870
346
56
522
136
388
106
426
830
46
458
856
776
539
621
779
398
845
868
574
156
765
428
762
0
948
655
413
634
438
768
505
136
824
379
273
565
485
51
395
884
510
603
660
49
224
792
799
421
660
373
577
425
801
691
778
102
698
191
736
137
312
593
273
136
325
898
53
162
302
800
46
812
403
707
213
979
851
12
401
511
738
330
288
891
22
66
993
720
258
82
209
922
675
835
58
352
85
112
515
387
264
561
551
668
620
116
647
471
129
400
982
219
83
271
110
457
337
104
177
947
186
739
869
213
574
280
566
11
744
433
399
8
994
950
676
615
67
676
438
548
428
421
119
511
44
229
968
381
333
498
681
871
237
550
437
163
830
355
526
926
788
925
935
134
228
963
749
647
639
540
547
68
961
666
931
5
895
900
738
581
398
419
452
987
970
889
502
152
244
28
79
384
306
366
519
534
329
620
181
321
160
80
389
121
746
672
478
641
572
569
222
322
988
27
661
310
268
163
815
513
192
894
249
498
260
768
384
941
389
917
262
549
997
3
23
743
676
853
736
600
422
959
923
411
338
584
73
606
748
888
471
292
782
721
142
394
489
526
688
230
443
950
780
792
954
155
535
630
8
271
230
431
582
505
842
272
90
915
879
190
156
350
834
938
71
976
685
913
854
373
143
649
675
275
441
629
430
328
611
439
951
194
870
534
699
64
806
141
331
37
683
487
388
517
778
811
845
815
76
51
540
220
700
215
495
493
845
926
821
808
717
125
2
587
11
702
3
169
195
334
207
879
174
947
748
952
758
946
767
835
997
659
407
50
874
254
543
719
180
717
880
249
842
882
836
853
936
191
22
132
526
581
363
52
528
463
4
639
409
123
474
759
782
233
809
8
487
704
80
20
773
960
269
967
842
458
172
779
649
195
263
175
128
978
227
657
441
583
296
203
58
122
962
192
355
123
201
194
827
281
214
953
241
484
920
435
942
93
214
591
640
829
119
768
159
698
777
601
634
73
156
692
547
470
885
254
593
438
449
772
719
663
725
312
499
998
747
793
91
314
385
83
143
856
851
303
906
981
256
540
54
764
585
954
234
822
208
827
260
657
951
331
321
29
643
172
27
390
966
470
704
703
553
200
559
756
855
817
737
463
710
144
227
295
98
461
469
658
640
81
316
591
412
989
972
55
161
351
797
127
173
854
830
78
406
741
187
261
911
924
724
621
420
951
268
870
412
737
529
404
818
197
347
230
186
320
637
699
23
786
179
197
640
361
275
46
455
462
659
366
739
383
987
511
686
255
734
450
344
615
854
162
812
554
744
350
874
733
401
249
871
580
798
512
942
74
910
397
888
570
763
979
305
102
843
344
709
577
794
53
544
1
567
356
555
663
58
781
396
459
30
267
40
181
131
334
255
394
83
495
316
846
827
621
300
670
317
9
599
112
62
143
465
629
851
372
292
909
153
40
720
535
659
760
716
791
446
323
185
529
171
853
727
998
474
27
20
792
36
971
256
450
114
73
79
317
445
723
226
598
115
946
485
775
59
554
918
857
877
455
387
400
308
114
750
134
494
770
926
530
741
534
981
207
607
412
524
404
136
102
354
251
401
840
378
460
394
296
669
623
751
56
376
59
523
126
194
17
249
472
547
990
359
880
550
318
293
426
723
781
529
77
384
282
917
763
94
663
59
763
639
163
820
15
222
343
493
768
360
742
241
259
85
952
140
635
270
785
413
993
918
942
71
302
224
340
417
318
356
477
82
995
640
254
362
214
597
855
335
309
950
928
920
35
880
412
22
150
197
435
496
467
730
567
770
954
259
187
625
615
16
59
962
8
313
676
575
262
884
910
923
834
838
843
869
70
256
891
572
805
326
68
273
56
987
395
363
247
934
340
862
951
751
177
311
416
853
886
678
737
148
953
571
338
796
792
408
404
683
981
562
362
401
835
770
389
582
485
636
516
825
850
819
576
27
483
992
233
721
22
970
870
975
894
560
124
686
321
880
722
654
442
84
55
629
206
444
211
692
432
80
869
283
251
446
662
734
790
895
456
165
218
678
492
112
238
616
150
559
849
872
565
291
308
621
273
515
417
484
207
850
916
76
485
168
874
499
254
17
747
710
182
965
740
674
429
331
643
579
242
492
804
808
783
112
429
56
627
846
893
186
48
161
615
533
681
489
385
936
506
132
998
40
97
739
715
878
70
358
809
312
202
613
472
985
726
901
394
705
100
639
892
500
152
507
386
834
348
771
122
207
903
120
247
352
211
314
230
633
672
39
298
226
653
770
212
731
24
958
436
476
949
680
976
101
539
714
287
888
485
409
95
740
530
694
92
93
9
674
727
33
66
25
260
719
795
824
802
171
134
590
647
83
623
976
536
162
690
824
50
528
233
497
620
115
544
713
209
553
739
936
938
805
313
198
876
460
374
678
632
508
621
279
943
244
607
832
406
650
656
809
178
241
658
798
709
202
863
270
107
603
558
46
760
871
596
637
331
971
667
963
831
288
595
775
532
202
959
291
204
967
100
382
208
110
533
269
313
748
539
772
703
97
818
464
320
415
101
652
738
768
967
569
409
562
696
941
117
655
584
321
974
36
56
535
147
941
804
812
41
696
584
745
145
755
561
466
522
14
470
260
782
437
181
543
352
230
837
821
237
421
494
212
458
550
747
957
843
903
769
885
599
705
630
745
460
543
563
334
557
33
594
691
470
128
235
174
710
72
995
947
845
490
511
303
392
258
612
236
162
733
121
113
439
103
858
251
646
421
586
555
806
532
246
277
12
481
803
722
553
799
22
751
289
533
54
33
792
19
269
306
752
742
419
543
197
630
795
195
403
733
750
210
617
997
839
630
478
642
352
384
441
726
135
82
260
541
468
404
560
737
710
665
832
481
208
29
463
355
225
867
88
975
429
706
972
268
336
803
262
40
187
56
767
674
138
379
215
958
783
128
696
845
793
528
678
1
909
142
357
134
9
797
110
790
503
434
58
191
237
320
584
776
376
703
450
867
82
18
825
865
146
873
62
291
753
740
644
663
882
1
797
243
151
259
33
654
46
443
198
635
116
134
412
844
837
214
711
919
584
889
136
82
114
550
373
868
290
18
531
525
371
680
120
522
292
506
529
338
949
79
973
65
213
737
262
50
952
325
321
536
214
809
619
681
359
344
549
1
362
432
526
86
464
647
960
756
153
489
446
454
568
772
872
781
509
134
183
813
459
504
350
26
665
321
707
24
665
608
378
380
392
904
818
856
903
778
965
408
268
411
215
188
183
87
322
693
573
505
506
384
362
208
410
27
881
469
404
899
429
782
631
821
38
449
678
294
227
643
54
847
406
269
36
590
708
358
635
281
215
141
18
929
702
428
309
583
250
713
834
679
847
465
853
237
914
531
531
142
526
586
341
932
207
377
522
916
87
509
549
655
651
567
584
705
348
893
640
598
958
475
629
157
940
482
395
855
365
278
349
891
864
690
176
424
420
50
340
859
560
889
514
563
457
451
268
805
696
908
755
655
735
736
812
676
219
559
531
936
838
232
180
54
922
356
478
342
758
170
554
318
412
68
233
869
519
501
26
216
762
133
223
497
869
387
525
440
947
56
729
137
640
909
543
563
617
374
257
375
544
811
46
956
232
279
177
103
133
555
319
247
40
894
96
262
282
622
702
581
30
431
70
671
692
613
586
309
987
843
37
532
7
83
840
591
714
370
694
199
925
366
446
966
260
543
228
894
517
282
475
547
66
545
218
758
511
156
420
498
352
809
382
359
244
575
950
958
945
996
158
222
362
956
188
623
851
768
517
368
403
345
916
469
242
486
579
753
643
351
604
995
160
338
706
404
265
8
715
210
4
873
433
719
181
973
342
33
94
211
401
497
908
669
966
151
156
897
256
151
249
212
498
409
903
556
166
168
916
881
731
920
754
516
639
287
841
333
320
935
897
722
432
805
391
750
956
899
648
565
50
249
777
900
10
32
456
176
201
372
57
284
645
163
800
636
451
641
322
771
577
219
845
361
24
237
112
333
488
112
898
539
361
27
791
723
60
248
900
613
972
957
897
617
473
49
606
924
690
928
47
619
147
893
981
171
482
445
856
970
909
754
861
622
134
653
345
546
253
245
511
225
555
760
195
28
809
801
304
851
81
351
471
228
596
804
751
78
601
608
49
510
714
910
132
200
915
477
746
168
75
609
394
630
369
941
10
178
94
314
30
175
17
853
755
614
9
858
692
610
818
741
120
533
4
604
85
919
433
184
88
860
793
834
842
163
127
852
341
221
518
723
748
536
928
503
502
937
713
194
899
532
288
19
417
644
975
502
563
409
686
3
621
480
189
464
995
316
316
688
889
187
764
637
723
692
492
225
982
206
771
881
738
59
253
507
55
228
9
619
989
48
974
611
880
164
75
875
832
743
563
722
930
327
359
5
372
204
582
354
410
354
587
500
765
840
7
821
421
368
792
410
416
766
373
648
282
800
523
467
544
439
189
826
766
900
184
490
104
766
844
866
472
432
366
238
624
725
411
45
94
203
808
862
321
181
511
956
982
34
423
878
825
612
56
592
864
240
434
969
359
631
187
831
63
554
421
39
631
832
85
725
387
893
588
709
426
451
665
760
485
88
990
311
52
47
255
916
639
41
237
998
672
425
182
87
331
603
127
962
436
564
40
175
457
980
884
235
431
901
996
268
989
986
931
393
385
538
310
377
580
899
727
252
324
909
340
7
865
819
322
653
383
362
828
192
342
713
427
773
614
423
41
956
762
973
701
499
863
11
876
443
263
956
696
587
865
388
947
730
207
269
735
942
631
564
134
973
629
913
98
595
689
491
551
451
816
253
302
680
616
179
123
879
135
171
819
352
911
766
435
118
387
170
412
18
86
546
343
715
460
793
311
501
284
214
952
101
819
606
133
788
137
256
19
272
780
190
977
691
956
764
162
343
286
574
713
373
473
56
88
285
849
751
786
486
966
90
939
137
696
72
925
834
328
945
458
460
135
787
152
444
551
314
139
838
240
205
211
713
613
651
350
815
755
136
301
721
226
240
210
275
312
136
109
992
433
567
805
920
355
957
716
258
623
208
96
863
765
659
929
378
663
279
193
418
416
846
491
994
86
701
269
750
189
730
95
974
650
900
247
5
209
315
615
832
875
712
47
640
723
976
19
386
256
564
156
24
411
647
18
849
701
640
952
890
370
47
217
20
299
464
377
508
131
993
692
7
57
739
647
132
716
18
871
324
583
27
348
346
675
718
195
376
710
499
618
81
546
835
453
197
651
831
57
135
176
749
142
585
489
789
717
205
808
588
529
391
616
229
89
643
299
284
19
10
784
989
443
682
177
896
880
180
727
289
315
255
39
457
840
528
599
558
85
407
146
966
150
114
195
239
757
846
875
128
856
659
470
299
694
647
196
926
179
275
215
495
531
254
304
371
782
903
281
219
310
780
185
812
894
380
403
652
227
279
132
435
290
602
87
336
601
283
262
781
910
830
276
441
84
580
165
219
484
446
438
146
226
624
311
473
356
714
125
935
345
609
723
636
212
810
972
165
445
587
946
355
417
222
149
853
155
666
424
991
112
863
489
691
839
800
164
547
867
641
835
212
250
558
200
814
720
525
332
165
112
278
872
881
853
373
734
360
39
159
351
504
374
192
195
565
345
711
112
212
352
947
776
954
857
329
121
577
854
453
94
318
83
967
199
936
340
933
296
732
444
999
236
818
192
783
383
537
494
848
101
198
147
229
152
357
558
625
286
764
430
381
82
514
700
633
450
392
919
99
124
363
98
360
534
290
143
269
179
989
469
632
187
617
862
340
974
772
317
260
537
748
993
971
262
693
605
64
86
524
163
562
239
262
923
773
904
418
43
436
408
512
68
595
481
282
287
807
55
605
420
944
705
413
915
967
459
520
31
545
396
195
459
636
809
382
409
65
153
804
501
913
669
922
860
502
204
148
310
611
105
82
555
810
495
823
777
954
343
160
851
92
707
311
728
868
45
489
934
550
646
787
463
315
709
324
169
266
824
479
877
929
561
785
739
409
608
868
715
303
380
919
395
88
582
123
956
979
965
890
530
611
30
345
278
739
21
447
5
845
279
235
126
192
20
865
601
628
85
669
931
466
588
327
906
170
802
862
149
767
105
31
730
135
377
8
226
398
456
232
596
87
819
722
279
839
940
881
819
25
550
102
843
490
781
749
660
584
612
161
703
69
193
434
204
922
442
430
320
250
14
268
337
833
991
617
24
931
850
843
308
752
946
504
242
727
253
254
663
217
767
719
286
960
153
842
234
947
625
907
198
991
175
887
177
166
856
201
449
706
397
110
810
695
614
404
774
867
658
438
85
778
157
723
90
662
918
325
609
895
232
159
238
407
47
415
926
903
969
727
962
366
837
772
61
451
177
187
319
187
625
756
317
134
831
408
796
101
733
758
348
317
917
587
76
316
2
2
220
971
730
534
689
567
658
102
371
187
290
690
727
267
798
44
402
981
452
550
83
537
308
431
206
578
18
283
894
373
285
466
696
367
0
386
287
659
840
658
846
130
700
573
398
498
970
152
831
422
702
266
312
363
698
518
941
68
801
835
793
439
302
490
158
654
228
445
313
420
103
